1-1-2015 to 5-31-2024
(predicted is third column)
2024-06-01     NaN  194.349250  188.562589  200.135911
2024-06-02     NaN  193.369201  186.418073  200.320330
2024-06-03     NaN  191.211902  183.337412  199.086391
2024-06-04     NaN  191.178177  182.538629  199.817724
2024-06-05     NaN  194.013814  184.723921  203.303706
2024-06-06     NaN  192.219944  182.367856  202.072031
2024-06-07     NaN  189.979992  179.636123  200.323861
2024-06-08     NaN  190.998895  180.221045  201.776745
2024-06-09     NaN  191.567283  180.403865  202.730701
2024-06-10     NaN  191.532971  180.025163  203.040779
2024-06-11     NaN  192.845528  181.028779  204.662277